6300      149900    6500      206000
6200      649700    6600      396800
6100      635500    6700      494200
6000      286100    6800      155300
5900      3600      6900      68100
5800      7400      7000      92100
5600      600       7100      95600
5500      4800      7200      348500
5400      102900    —         —
—         —         —         —
✅ Playwright script complete.
6400      33400     6500      190200
6300      330200    6600      426600
6200      678700    6700      438500
6100      613800    6800      165500
6000      300700    6900      78700
5900      3600      7000      98300
5800      7400      7100      99700
5600      600       7200      367000
5500      4800      —         —
5400      103000    —         —
